\./combine<<!
'Top Mass combination'
-1 -1 0 internal & minuit debug level, dependency flag
1 6 24  # of observables, measurements, error classes
'Mtop'     name of observable

'Stat'	'AtlFastFull'	'AtlJetUnc'	'BKDT'	'BKMC'	'BTAG'	'CR'	'HADR'	'JER'	'JES1'	'JES2'	'JES3'	'JES7'	'JES8'	'JESFLV'	'LES'	'MCGEN'	'MET'	'METH'	'PDF'	'PU'	'RAD'	'TRIG'	'UE'	
'dil8' 'Mtop' 172.99 0.41 0.0 0.022360679775 0.0734846922835 0.03 0.0360555127546 0.03 0.22 0.0894427191 0.26972578668 0.406539051015 0.079 0.219319401787 0.0 0.296947806862 0.142478068488 0.09 0.01 0.05 0.045912961133 0.05 0.23 0.0 0.1
'ljets7' 'Mtop' 172.33 0.75 0.0 0.120415945788 0.112249721603 0.287749891399 0.502394267483 0.11 0.18 0.22 0.29206163733 0.302489669245 0.07 0.148660687473 0.0 0.373630833845 0.04 0.22 0.154272486205 0.11 0.251992063367 0.02 0.32 0.0 0.15
'dil7' 'Mtop' 173.79 0.54 0.0 0.07 0.0412310562562 0.01 0.0692820323028 0.14 0.53 0.19 0.542033209315 0.302820078595 0.43 0.0360555127546 0.0 0.680955211449 0.129614813968 0.26 0.0387298334621 0.09 0.103923048454 0.01 0.47 0.0 0.05
'ljets8' 'Mtop' 172.08 0.39 0.0 0.0975141015443 0.05 0.129228479833 0.382670876864 0.191 0.146 0.200888028513 0.205535884945 0.390948845759 0.047 0.183221177815 0.005 0.238121817564 0.157886034848 0.161 0.0485077313425 0.13 0.0922171350672 0.15 0.08 0.0 0.08
'allhad8' 'Mtop' 173.72 0.55 0.0 0.03 0.17 0.0 0.1 0.12 0.64 0.0959166304663 0.284956136976 0.419880935504 0.12 0.282665880502 0.01 0.34885527085 0.01 0.18 0.0141421356237 0.1081665 0.092736184955 0.01 0.1 0.08 0.12
'allhad7' 'Mtop' 175.06 1.35 0.24 0.0141421356237 0.35 0.0 0.163095064303 0.22 0.5 0.01 0.37563279942 0.201742410018 0.24 0.0360555127546 0.02 0.628331122896 0.0 0.3 0.02 0.42 0.0943398113206 0.02 0.22 0.01 0.08

1.0 0.0 0.0 0.0 0.0 0.0 'Stat'
0.0 1.0 0.0 0.0 0.0 0.0 
0.0 0.0 1.0 0.0 0.0 0.0 
0.0 0.0 0.0 1.0 0.0 0.0 
0.0 0.0 0.0 0.0 1.0 0.0 
0.0 0.0 0.0 0.0 0.0 1.0 

1.0 0.0 0.0 0.0 0.0 0.0 'AtlFastFull'
0.0 1.0 0.0 0.0 0.0 0.0 
0.0 0.0 1.0 0.0 0.0 0.0 
0.0 0.0 0.0 1.0 0.0 0.0 
0.0 0.0 0.0 0.0 1.0 0.0 
0.0 0.0 0.0 0.0 0.0 1.0 

1.0 0.519946946896 0.4472135955 0.972262275348 0.894427191 -0.316227766017 'AtlJetUnc'
0.519946946896 1.0 0.996545758245 0.305733496954 0.0830454798537 0.645942241466 
0.4472135955 0.996545758245 1.0 0.225608395623 0.0 0.707106781187 
0.972262275348 0.305733496954 0.225608395623 1.0 0.974218072007 -0.529346978633 
0.894427191 0.0830454798537 0.0 0.974218072007 1.0 -0.707106781187 
-0.316227766017 0.645942241466 0.707106781187 -0.529346978633 -0.707106781187 1.0 

1.0 0.242464322484 0.132019672397 -0.136082763488 0.0 0.0 'BKDT'
0.242464322484 1.0 0.885878422188 -0.890870806375 0.0 0.0 
0.132019672397 0.885878422188 1.0 -0.970142500145 0.0 0.0 
-0.136082763488 -0.890870806375 -0.970142500145 1.0 0.0 0.0 
0.0 0.0 0.0 0.0 1.0 1.0 
0.0 0.0 0.0 0.0 1.0 1.0 

1.0 0.0 1.0 0.0773823232534 0.0 0.0 'BKMC'
0.0 1.0 0.0 -0.0322706595831 0.0 0.0 
1.0 0.0 1.0 0.0773823232534 0.0 0.0 
0.0773823232534 -0.0322706595831 0.0773823232534 1.0 0.0 0.0 
0.0 0.0 0.0 0.0 1.0 0.0 
0.0 0.0 0.0 0.0 0.0 1.0 

1.0 0.0 0.0 -0.23047829488 0.0 0.0 'BTAG'
0.0 1.0 -0.798692308129 0.0 0.0 0.00122043458528 
0.0 -0.798692308129 1.0 0.0 0.0 -0.0265497122027 
-0.23047829488 0.0 0.0 1.0 0.0 0.0 
0.0 0.0 0.0 0.0 1.0 0.0 
0.0 0.00122043458528 -0.0265497122027 0.0 0.0 1.0 

1.0 -1.0 1.0 -1.0 -1.0 1.0 'CR'
-1.0 1.0 -1.0 1.0 1.0 -1.0 
1.0 -1.0 1.0 -1.0 -1.0 1.0 
-1.0 1.0 -1.0 1.0 1.0 -1.0 
-1.0 1.0 -1.0 1.0 1.0 -1.0 
1.0 -1.0 1.0 -1.0 -1.0 1.0 

1.0 1.0 1.0 -1.0 -1.0 1.0 'HADR'
1.0 1.0 1.0 -1.0 -1.0 1.0 
1.0 1.0 1.0 -1.0 -1.0 1.0 
-1.0 -1.0 -1.0 1.0 1.0 -1.0 
-1.0 -1.0 -1.0 1.0 1.0 -1.0 
1.0 1.0 1.0 -1.0 -1.0 1.0 

1.0 0.0 0.0 0.220392157174 -0.081594170721 0.0 'JER'
0.0 1.0 -1.0 0.0 0.0 -1.0 
0.0 -1.0 1.0 0.0 0.0 1.0 
0.220392157174 0.0 0.0 1.0 -0.151542651285 0.0 
-0.081594170721 0.0 0.0 -0.151542651285 1.0 0.0 
0.0 -1.0 1.0 0.0 0.0 1.0 

1.0 -0.0290695626797 0.704854751897 0.248474303482 0.998568589788 0.813676939524 'JES1'
-0.0290695626797 1.0 -0.441546823142 -0.0183244316033 -0.0288375733051 0.00364604453315 
0.704854751897 -0.441546823142 1.0 0.444315686263 0.699229665106 0.848700260616 
0.248474303482 -0.0183244316033 0.444315686263 1.0 0.25064577234 0.512913372306 
0.998568589788 -0.0288375733051 0.699229665106 0.25064577234 1.0 0.807183398278 
0.813676939524 0.00364604453315 0.848700260616 0.512913372306 0.807183398278 1.0 

1.0 0.0 0.0 -0.852481648148 0.997668414006 0.0 'JES2'
0.0 1.0 -0.66484755776 0.0 0.0 -0.331011908153 
0.0 -0.66484755776 1.0 0.0 0.0 0.895376009643 
-0.852481648148 0.0 0.0 1.0 -0.820337412862 0.0 
0.997668414006 0.0 0.0 -0.820337412862 1.0 0.0 
0.0 -0.331011908153 0.895376009643 0.0 0.0 1.0 

1.0 1.0 1.0 1.0 1.0 1.0 'JES3'
1.0 1.0 1.0 1.0 1.0 1.0 
1.0 1.0 1.0 1.0 1.0 1.0 
1.0 1.0 1.0 1.0 1.0 1.0 
1.0 1.0 1.0 1.0 1.0 1.0 
1.0 1.0 1.0 1.0 1.0 1.0 

1.0 0.21193606077 -0.121401067128 -0.886896184115 0.943960616334 0.0366732390283 'JES7'
0.21193606077 1.0 -0.14925269233 -0.437260204963 0.361721282052 -0.242535625036 
-0.121401067128 -0.14925269233 1.0 0.211924266609 -0.34341793982 -0.923076923077 
-0.886896184115 -0.437260204963 0.211924266609 1.0 -0.967554289078 -0.0378436190374 
0.943960616334 0.361721282052 -0.34341793982 -0.967554289078 1.0 0.196238822754 
0.0366732390283 -0.242535625036 -0.923076923077 -0.0378436190374 0.196238822754 1.0 

1.0 0.0 0.0 0.0 0.0 0.0 'JES8'
0.0 1.0 0.0 0.0 0.0 0.0 
0.0 0.0 1.0 0.0 0.0 0.0 
0.0 0.0 0.0 1.0 -1.0 1.0 
0.0 0.0 0.0 -1.0 1.0 -1.0 
0.0 0.0 0.0 1.0 -1.0 1.0 

1.0 0.236865892853 0.993382281737 0.0295857354307 0.9880124923 0.996025604186 'JESFLV'
0.236865892853 1.0 0.146211550561 -0.926158493228 0.374396537594 0.298171931683 
0.993382281737 0.146211550561 1.0 0.136601665287 0.97198619302 0.979280040795 
0.0295857354307 -0.926158493228 0.136601665287 1.0 -0.094498557425 -0.0491914986157 
0.9880124923 0.374396537594 0.97198619302 -0.094498557425 1.0 0.989978750489 
0.996025604186 0.298171931683 0.979280040795 -0.0491914986157 0.989978750489 1.0 

1.0 -0.508850244599 0.931377596397 0.114690638099 -0.0701862406344 0.0 'LES'
-0.508850244599 1.0 -0.347182537415 -0.175759686579 0.0 0.0 
0.931377596397 -0.347182537415 1.0 -0.0801392897673 0.154303349962 0.0 
0.114690638099 -0.175759686579 -0.0801392897673 1.0 -0.171009424779 0.0 
-0.0701862406344 0.0 0.154303349962 -0.171009424779 1.0 0.0 
0.0 0.0 0.0 0.0 0.0 1.0 

1.0 1.0 1.0 1.0 1.0 -1.0 'MCGEN'
1.0 1.0 1.0 1.0 1.0 -1.0 
1.0 1.0 1.0 1.0 1.0 -1.0 
1.0 1.0 1.0 1.0 1.0 -1.0 
1.0 1.0 1.0 1.0 1.0 -1.0 
-1.0 -1.0 -1.0 -1.0 -1.0 1.0 

1.0 0.259281489421 -0.258198889747 0.968917710624 0.707106781187 0.0 'MET'
0.259281489421 1.0 0.0 0.219151478992 0.0916698497028 0.842664840618 
-0.258198889747 0.0 1.0 -0.1224253186 0.182574185835 -0.258198889747 
0.968917710624 0.219151478992 -0.1224253186 1.0 0.860054653874 0.0 
0.707106781187 0.0916698497028 0.182574185835 0.860054653874 1.0 0.0 
0.0 0.842664840618 -0.258198889747 0.0 0.0 1.0 

1.0 0.0 0.0 0.0 0.0 0.0 'METH'
0.0 1.0 0.0 0.0 0.0 0.0 
0.0 0.0 1.0 0.0 0.0 0.0 
0.0 0.0 0.0 1.0 0.0 0.0 
0.0 0.0 0.0 0.0 1.0 0.0 
0.0 0.0 0.0 0.0 0.0 1.0 

1.0 -0.173729628715 0.245210284229 -0.272794151538 0.2841847974 0.56101692961 'PDF'
-0.173729628715 1.0 0.534600419596 0.726827182691 -0.821608910154 -0.357550228355 
0.245210284229 0.534600419596 1.0 0.719988545604 -0.612196592925 0.224396355833 
-0.272794151538 0.726827182691 0.719988545604 1.0 -0.783454810146 -0.06092131099 
0.2841847974 -0.821608910154 -0.612196592925 -0.783454810146 1.0 0.262895775279 
0.56101692961 -0.357550228355 0.224396355833 -0.06092131099 0.262895775279 1.0 

1.0 0.0 0.0 0.0 0.0 0.0 'PU'
0.0 1.0 0.0 0.0 0.0 0.0 
0.0 0.0 1.0 0.0 0.0 0.0 
0.0 0.0 0.0 1.0 0.0 0.0 
0.0 0.0 0.0 0.0 1.0 0.0 
0.0 0.0 0.0 0.0 0.0 1.0 

1.0 -1.0 1.0 1.0 1.0 1.0 'RAD'
-1.0 1.0 -1.0 -1.0 -1.0 -1.0 
1.0 -1.0 1.0 1.0 1.0 1.0 
1.0 -1.0 1.0 1.0 1.0 1.0 
1.0 -1.0 1.0 1.0 1.0 1.0 
1.0 -1.0 1.0 1.0 1.0 1.0 

1.0 0.0 0.0 0.0 0.0 0.0 'TRIG'
0.0 1.0 0.0 0.0 0.0 0.0 
0.0 0.0 1.0 0.0 0.0 0.0 
0.0 0.0 0.0 1.0 0.0 0.0 
0.0 0.0 0.0 0.0 1.0 1.0 
0.0 0.0 0.0 0.0 1.0 1.0 

1.0 -1.0 1.0 1.0 -1.0 1.0 'UE'
-1.0 1.0 -1.0 -1.0 1.0 -1.0 
1.0 -1.0 1.0 1.0 -1.0 1.0 
1.0 -1.0 1.0 1.0 -1.0 1.0 
-1.0 1.0 -1.0 -1.0 1.0 -1.0 
1.0 -1.0 1.0 1.0 -1.0 1.0 

!
